38.79 0.63 4.21
37.53 0.56 2.84
32.93 1.04 3.11
25.82 1.02 3.32
20.89 1.10 2.42
28.28 1.76 3.58
22.60 1.73 1.88
13.54 0.67 1.78
31.19 0.97 3.62
30.66 1.24 3.68
37.87 0.87 4.16
17.06 1.42 2.08
34.48 1.54 2.86
22.13 0.62 1.72
37.50 0.65 3.45
25.40 1.15 2.78
24.40 0.63 3.39
30.04 0.83 2.66
39.13 1.23 4.64
13.62 0.69 1.38
32.79 1.45 3.55
22.70 1.11 2.97
15.72 0.94 1.80
30.32 1.08 3.59
28.86 1.30 2.33
14.46 0.75 1.94
14.16 1.18 2.77
18.94 0.86 2.08
26.08 1.39 2.88
21.53 0.65 2.86
29.36 1.29 3.30
33.74 0.73 3.97
25.46 0.54 2.60
26.20 0.68 2.76
10.45 1.60 1.34
38.25 1.36 4.03
36.27 0.84 3.67
22.73 1.16 3.15
30.37 0.63 2.77
11.36 0.58 1.76
12.78 0.72 1.11
13.74 1.07 2.11
15.19 1.69 2.95
16.96 1.15 2.71
11.04 1.22 1.74
35.80 1.65 3.51
34.87 1.57 2.79
11.21 1.74 1.16
13.96 1.24 2.28
36.38 1.20 3.64
25.79 1.49 2.59
10.17 0.55 1.76
39.38 1.54 4.06
12.77 1.77 1.68
22.86 0.98 2.67
32.19 1.72 3.17
33.34 1.50 3.59
15.28 1.00 1.55
39.33 1.58 3.36
14.25 1.26 2.33
23.66 1.52 2.45
37.13 1.17 3.96
35.18 1.38 3.56
36.95 1.50 4.15
21.34 0.80 2.69
12.97 0.68 1.92
30.45 1.64 3.52
35.11 1.32 3.70
20.60 0.97 3.03
26.59 1.57 3.29
33.14 1.27 4.02
28.95 1.38 3.62
28.65 1.26 3.50
28.79 0.78 3.52
35.95 1.28 3.48
31.78 1.37 3.64
28.35 0.67 2.49
20.28 1.11 2.16
17.39 1.15 2.18
27.58 0.91 2.83